GROUP base0CA-P 3 7 3 0.100000 0.010000
1
2
3
GROUP base0C5-CA 2 3 3 0.100000 0.010000
1
2
3
GROUP base0CA-P_base 3 7 7 0.050000 0.050000
7
8
9
10
11
12
13
GROUP base0C5-O5 1 2 2 0.100000 0.010000
1
2
GROUP base0O5-P 0 1 1 0.100000 0.010000
1
GROUP base0CA-CY 3 4 2 0.100000 0.010000
5
6
GROUP base0CY-B1 4 5 1 0.100000 0.010000
6
GROUP base1CA-P 10 14 10 0.100000 0.010000
1
2
3
4
5
6
7
8
9
10
GROUP base1C5-CA 9 10 10 0.100000 0.010000
1
2
3
4
5
6
7
8
9
10
GROUP base1CA-P_base 10 14 6 0.050000 0.050000
14
15
16
17
18
19
GROUP base1C5-O5 8 9 9 0.100000 0.010000
1
2
3
4
5
6
7
8
9
