       -4.214537493329955      -10.279106164465695       -8.994765073460343
       -4.030519543342159      -10.233137062767426      -10.412130349068676
       -4.313484710850876       -8.837283031032293      -10.943173189584600
       -5.523943439445684       -6.974547438493724      -10.191287281538285
       -5.936095736362059       -6.435662218788309       -7.657801087199332
       -7.005288745931137       -4.248682601625884       -7.373052172445142
       -0.806135683733966       -7.410265061517519      -10.586123836132682
       -0.867087767033798       -5.820123491451863      -10.530276965391383
       -0.770663045912207       -4.995020383776984      -11.694325409843085
       -1.272907426908737       -3.593510699072123      -11.393167273246254
       -2.627296346207225       -2.627292530876680       -9.742200734965788
       -2.846273428098782       -3.592306286436441       -7.313766281218261
       -4.134438699790148       -2.086414965150843       -5.873990308063926
        2.046324363638211       -2.049018278579770      -10.360851032884515
        1.792719043265417       -0.781505328267343       -9.430626176537197
        1.823238643854605        0.562405049016194       -9.918897148799259
        1.259806824285769        1.517198674533604       -8.880128931946519
       -0.123630912146755        1.308156569961304       -6.999786919005908
       -0.286775679979559       -0.884262732668156       -5.570692942174785
       -1.641166340075568       -0.533765248410642       -3.560302978052787
        4.509026809324973        2.325122618687949       -7.082282071992728
        4.201036352690670        2.869006840118120       -5.617484855716422
        4.195820670204214        4.260729786556648       -5.288583082905212
        3.894268471541069        4.456813883747794       -3.812405420140392
        2.771580506565768        3.229731035302470       -2.161158627725341
        2.689522393159492        0.609738232127065       -2.116858831000763
        2.106985881971498       -0.220350614091450        0.112999175536303
        7.432500133002108        4.011669387467718       -2.492798136534586
        7.579886142405829        2.586075062218078       -1.797133482551533
        7.898960862562988        2.423399433928833       -0.412954665720161
        8.031554715437309        0.949405082872918       -0.066062965776695
        7.256755815322554       -1.060550292976220       -0.990018148651143
        6.442162329695449       -1.851536828871805       -3.833653856602074
       11.713832088828172        0.534508114350732       -0.943308576120854
       11.906264674304371       -0.716957863054997       -1.911239987896458
       13.162363574498068       -1.377579905420183       -2.093895762443506
       13.527850122573264       -2.185279551912905       -0.859061204452114
       13.314405201204051       -1.890687554811415        1.457200247827627
       11.581176597227815       -0.258539371531015        2.556127248425578
       11.018403815289238       -0.955747513758109        4.836273287410103
       11.027372680414333       -5.021430674190985       -1.310217450863631
       10.524004499413287       -5.538270914942260        0.109575856582540
       11.108339413362305       -6.654496381784228        0.786762159242252
       10.808851132392833       -6.586027785824196        2.274363811045625
       10.028722914426645       -4.934252137093773        3.741047957263755
        8.498506823812583       -2.946335809793287        2.978932114108638
        7.419088717432889       -1.877139263560717        4.899623962233412
        7.733845877898419       -8.820488718077938        2.306481406836955
        6.730374896800860       -8.347711425174204        3.450067154127368
        6.882553918446660       -8.719564733050966        4.822870654341717
        6.097645775353457       -7.776677635394988        5.720244700524508
        5.272954764756795       -5.591841416110038        5.530377178728114
        4.802527355183231       -3.863111689625383        3.119150993527775
        2.759803463107241       -9.602136638576999        5.624101797354257
        1.563349612305988       -8.558308034030727        5.764705387131257
        1.213433673534592       -7.937289018375173        7.005207174216990
        0.959940230546261       -6.451527729346149        6.805403182692760
        1.266281584260693       -4.927753683662645        5.052351015841540
        1.511554371196130       -5.295809604402129        2.021865694311769
       -2.838553759321491       -6.565218013836371        6.714508191487022
       -3.415630939584702       -5.130740510688341        6.326798047104837
       -3.844730487402906       -4.178282934177416        7.303679356289982
       -3.305890065275424       -2.793660518760408        6.978187854852779
       -1.847162319505069       -1.898787606336762        5.375691940705011
       -1.164991692959514       -2.802679409276699        2.593230315703270
       -6.523193836637767       -1.276050076708711        5.649440981528604
       -6.187092750566884       -0.072737522334076        4.661372086243265
       -5.819577770984334        1.230257574917866        5.121593074957297
       -5.300520561756412        2.076653853404960        3.970903927591845
       -4.206786743542550        1.650176401138564        1.942513137033836
       -3.998800900568646       -0.857805631822870        0.303053474019015
       -8.654859232069475        3.123966097371329        2.531747639033757
       -8.470332933403078        3.603098107617972        1.023630205698612
       -8.002580776823210        4.909111367685009        0.677053142489463
       -7.442601274907338        4.920596895202260       -0.736282523653993
       -6.476733063127484        3.334800864831904       -2.166199983433226
       -6.661047109759173        0.336645115080700       -2.207181579053787
      -10.724309777320217        5.334293186345185       -2.599914431084512
      -10.521998906969953        4.965604346648853       -4.136808543665810
       -9.884137275437663        5.846233564889557       -5.065216893547148
       -9.341893832653485        5.072324615545187       -6.256659865615232
       -8.676630659215915        2.860260266626923       -6.657392000648921
       -9.352050478235270        0.292641308530192       -5.252175880961495
      -12.508972463167177        5.056728222107553       -8.366693537581146
      -12.556866260693116        3.742331178476658       -9.266511678005815
      -12.690002187448865        3.774712207002005      -10.690659129018782
      -11.868099964253327        4.909044244571777      -11.281165809268156
      -11.384159747169756        7.119317056350057      -10.668571408344695
      -11.613075311847858        8.630675111825406       -8.015359071393725
       -8.415145550966852        3.415967410793727      -10.724271630598867
       -7.314353814859184        4.567417852339775      -10.734478658542733
       -6.270979784292389        4.636055593108122      -11.709855955321379
       -5.579661064325316        5.988574029788976      -11.658394902281790
       -6.118206190552895        8.107518173772018      -10.814200267329298
       -7.715402890958262        8.485695489476768       -8.755770135671103
       -7.647599045203617       10.447501571115911       -7.808078425653910
       -2.878521632217986        5.097207540450452       -9.133168898873993
       -1.985369555531757        6.376917198669361       -8.811661619053268
       -2.531029425301440        7.606683209195083       -8.326483105676131
       -3.410567995242515        7.361499056705455       -7.110919156021101
       -4.645429880078965        5.552184775565727       -6.277398519646345
       -4.129067746725182        3.040021045696803       -6.871923057289937
       -4.859458566939026        1.533146459400128       -5.476943628519432
       -0.681587880016569        7.391181753802962       -4.468360178554851
       -1.287887636746538        6.967947084014844       -3.057269472684574
       -2.165070399038663        7.812178120503281       -2.307348356741036
       -2.572728321103555        7.141365203194276       -1.005759148753884
       -2.778723272815520        4.929848000319598       -0.255435422331242
       -1.540183975320379        2.379890205607114       -1.248831460913870
        0.450280382809362        8.143789149216985        1.073181101705214
        0.303230840698599        7.579347988554888        2.555162579750144
       -0.596326811151189        8.142117838670517        3.513755143875008
       -1.320821328692488        7.043492794118356        4.272956894029435
       -1.610842913971027        4.734103679138813        3.995042021495616
        0.007491641947857        3.223772137733580        2.568908938967492
       -0.111374954828292        1.072373066602337        2.900156332002245
        0.929654618531567        6.942568318671546        7.336359107560308
        0.856397107863092        5.505182403368814        8.018383555897628
       -0.271178045260942        5.060554833223025        8.777315343241501
       -0.480358890310464        3.567035413921683        8.592567803897234
        0.178129599647027        1.974015752976661        7.004896421448309
        2.367163432627756        2.180802026635308        5.576098140513289
        3.110159440905361       -0.011661774398543        4.775673727981227
        1.677079544043873        2.365582414659591       11.482171363238047
        2.294267014701151        0.936538029898219       11.143680419631410
        1.680604084520357       -0.291547141492431       11.544340458688295
        2.439069937569878       -1.477740324032164       10.971982541802435
        3.861868232754965       -1.823081991344964        9.142999412388846
        5.573370301821260        0.100310444420726        7.597179941266899
        5.057785256517931       -1.792927791480726       13.707806409986793
        6.324269174824362       -2.588247546449164       13.157509877086026
        6.459309022676265       -4.006735984569422       13.275330493398965
        7.469561120613680       -4.536119661157711       12.269657226286000
        8.422994665519473       -3.745827188930261       10.278702429085472
        8.874644436106745       -0.954796423082345        9.263314309261595
       10.566738634691315       -4.310624847553562       14.464972150763749
       11.873651273462491       -4.241135214751281       13.556836912718563
       12.640016823642970       -5.396774851233372       13.207443758968980
       13.392702446630176       -5.164568942497964       11.907765108447592
       13.247632805143599       -3.625519017308135       10.146060799628502
       12.476433548568902       -1.139507114360876       10.461288290532510
       13.182302527881117        0.254266929028078        8.574173004789124
