NATOMS      142
STEP       2000
TEMP    0.6160
     -6.7352996     -2.6981371     -8.9509171
     -7.1315656     -2.9901639    -10.2909999
     -6.4707945     -2.0186599    -11.2536994
     -5.6458669      0.1748811    -11.1346303
     -4.5658520      1.2598880     -8.9997232
     -3.2738317      3.2601818     -9.5983142
     -3.1951149     -3.9539533    -11.6864580
     -1.9707320     -2.9936496    -12.0059532
     -1.3474166     -3.0015551    -13.3097825
     -0.2704026     -1.9384023    -13.4719882
      0.2045487      0.1853442    -12.6265796
     -0.3958434      1.0222681    -10.2212327
      1.2258248      2.7435009     -9.5945459
      2.7776839     -4.0839273    -12.6640940
      3.2811542     -3.8122794    -11.1756155
      4.0010671     -2.6314525    -10.7804736
      4.4301427     -2.6931560     -9.3194991
      3.8312235     -4.0245253     -7.4888599
      3.0551064     -6.5017637     -7.8132707
      3.6125885     -7.8857631     -5.8693140
      7.8564568     -4.2960239     -9.9078087
      8.8840623     -3.9835044     -8.7386474
     10.1717805     -4.5721964     -8.6412622
     10.9210113     -3.9573543     -7.5093005
     10.7626270     -1.9845815     -6.2602833
      8.4825936     -0.7428604     -5.7480735
      8.6926609      0.6308842     -3.7397523
      9.9706681     -6.5846346     -4.8843592
     10.1786486     -5.9828486     -3.4140850
     11.4040351     -5.8698582     -2.6826742
     11.1430032     -5.1111455     -1.4000860
      9.3628630     -3.8878086     -0.5478105
      6.4147025     -3.9629374     -1.3285265
     10.5669541     -8.0928124      0.9686109
      9.6304269     -7.7161674      2.2003112
      8.4898820     -8.4810707      2.6502954
      8.8769321     -9.6322359      3.5897214
     10.9065111    -10.6131158      4.2539925
     13.1908367     -9.3679160      4.6218333
     14.6031808    -10.4240872      6.3270683
      8.4639092     -7.7030370      6.8613964
      9.1785341     -8.4358269      8.0930942
      8.6740755     -9.6503381      8.6662300
      8.0233232     -9.3665047     10.0068893
      8.1975766     -7.6701217     11.6052827
      8.5403384     -5.1510303     10.9865088
      7.8369910     -3.6103363     12.7672979
      4.4018529     -8.7543734      8.9317981
      3.5939168     -7.9795980     10.0540469
      2.8662074     -8.6503539     11.0884142
      2.0414566     -7.6424027     11.8907826
      2.0144274     -5.2968901     12.0695769
      2.9385997     -3.1224274     10.2114587
     -1.0736456     -7.7122565      9.6700504
     -1.7950847     -6.2947903      9.5937629
     -2.6795286     -5.8199103     10.6082684
     -3.1528722     -4.4021184     10.3351772
     -2.3398403     -2.6082401      9.0610089
     -0.6381890     -2.3188550      6.5279698
     -6.1667533     -5.4625207      8.1772721
     -6.8037377     -4.2427571      7.3945640
     -7.6992072     -3.2984794      7.9948148
     -8.0725862     -2.1918025      7.0207065
     -7.1491179     -1.2463118      5.0726176
     -5.1717531     -2.3283530      3.0888938
    -11.1776778     -3.9971827      5.6948585
    -11.2103606     -4.0175245      4.1073547
    -11.2419688     -2.7823872      3.4022160
    -11.7078434     -2.9995213      1.9685898
    -11.6390791     -4.8214751      0.4802409
    -11.2423800     -7.7867338      0.8721188
    -15.2351862     -1.7049330      2.6836771
    -15.7674457     -0.8369059      1.4540239
    -16.4397796     -1.3991066      0.3420819
    -16.6796530     -0.3609151     -0.7183409
    -17.5587031      1.7956426     -0.7497925
    -18.0103199      3.8370837      1.3676735
    -13.2011645     -0.5878528     -2.3444774
    -13.3327007     -0.7792352     -3.9112506
    -12.3917587     -0.2676772     -4.8625001
    -12.8155737     -0.6393369     -6.2897222
    -13.9110549     -2.4456121     -7.3355175
    -15.8179430     -4.6211930     -6.4754956
    -14.6649622      2.6363998     -7.2096263
    -14.0520161      3.3331456     -8.5083609
    -13.3299955      2.5973950     -9.5017498
    -12.8471403      3.5176201    -10.6021921
    -13.4119805      5.6801956    -11.3015358
    -14.9113934      7.9893121     -9.9740220
     -9.4497733      4.1321553     -9.0819512
     -8.7361229      5.4257223     -9.7001029
     -7.4253619      5.3210916    -10.2438123
     -6.7699366      6.6902911    -10.5175785
     -7.4881724      8.8044598    -11.2743529
     -9.9431719      9.6987528    -11.0924124
    -10.1478867     11.8614907    -11.3003216
     -5.1669375      7.1603486     -7.0814095
     -5.2331936      8.6660801     -6.5358281
     -5.9434675      9.1159836     -5.3859391
     -5.6340799      8.4368703     -4.0625522
     -4.6943409      6.4489224     -3.3019830
     -3.0928087      5.0175796     -4.7974441
     -1.9591777      3.5944929     -3.6529657
     -2.7346876     10.6179919     -3.0913954
     -2.8592653     10.8758930     -1.5088319
     -1.6860549     10.8179827     -0.7084391
     -2.0048433     11.3722811      0.6448683
     -3.2621464     13.1776130      1.4297950
     -5.4824373     14.6894685      0.0163139
     -2.9947975      8.2630452      2.6890615
     -2.0673651      7.9283592      3.9914256
     -2.6998248      8.1668074      5.2696922
     -2.1142636      7.2340385      6.3191612
     -1.3567261      5.0330209      6.1473135
     -0.4548533      3.9163927      3.9363396
      1.2955911      2.5925076      4.0400608
      1.5873112      8.4880913      6.6315418
      2.1630540      8.0623017      8.0580618
      2.4316021      9.1120884      8.9727411
      2.8822188      8.5096049     10.2795685
      2.6572472      6.4587740     11.3468954
      2.4800058      4.4252787      9.7011182
      2.9963743      2.3220897     10.8485918
      6.6667160      8.1884983      9.5822017
      7.2756296      6.9897031     10.4288929
      8.3792378      6.2730506      9.8815422
      8.0815311      5.8303966      8.4572846
      8.8161551      6.4622410      6.3268853
     11.3490945      7.8661231      5.5371429
     10.0006980      2.5703333      8.6448395
     10.1015698      1.9402423      7.1778117
     11.2827691      1.3363378      6.6397818
     11.1176663      0.9830275      5.1676980
     11.8491005      1.9035493      3.1303039
     14.1686253      3.7508101      2.6171459
     13.2693953     -2.1233936      5.2798898
     13.9524198     -2.2921669      3.8490570
     13.3369284     -2.9827162      2.7563679
     14.1559235     -2.7971229      1.4877809
     15.6891262     -1.2049902      0.7167534
     17.1951114      0.2100026      2.3353405
     18.8633252      1.4922360      1.0787027
      0.0508447     -0.0513851     -0.0413334
      0.0018265      0.0555734     -0.0332971
     -0.0617490      0.1539849      0.0518009
     -0.2750005      0.2248498      0.0998297
      0.0622170      0.0324041      0.0537213
     -0.0041458      0.0291551      0.1490602
      0.0118731     -0.0300387     -0.0931196
      0.0071212      0.1551258     -0.0933365
      0.0915596      0.0425986      0.0677670
      0.0625233      0.0228022     -0.0170018
      0.1710164     -0.1228870      0.2187173
     -0.0062317      0.0565576      0.1552717
      0.0134793      0.0649806      0.0863894
      0.0133443     -0.0928648     -0.0795883
     -0.0078576     -0.0489580      0.0381351
      0.0795403     -0.0049066      0.0053866
      0.0302438     -0.0285914      0.0559232
      0.1314026     -0.2157284     -0.0114571
     -0.0153703     -0.0245469      0.0658546
     -0.0588352      0.1256700      0.1167612
      0.0044653      0.0137687      0.0750946
     -0.1386499      0.0710162      0.0370260
     -0.3137273      0.1204428     -0.2092988
     -0.1296090     -0.0520648     -0.1189787
      0.0044697      0.1460330     -0.0119630
      0.0298183      0.0450631      0.0602188
     -0.1053720      0.0002933      0.1511544
      0.0654299      0.0268144     -0.1102894
      0.0220930      0.0336918     -0.0586754
      0.0652139     -0.0558893      0.0467586
     -0.1137775      0.0023715      0.1532243
     -0.2162517      0.0972762      0.2194768
      0.0733272      0.0732323      0.1060490
     -0.1176126      0.0312059      0.0909769
     -0.0422273      0.0650210      0.0563833
      0.1382271      0.1305694      0.0690230
     -0.2234849      0.1895757     -0.0760539
     -0.1753487     -0.0388513     -0.1938758
     -0.0437189     -0.0267764     -0.0456320
     -0.0275423      0.0659364     -0.0963170
      0.1231296      0.0741843      0.1439528
     -0.0077671     -0.0440582     -0.0048873
     -0.1151109      0.2054902     -0.2060717
      0.0553950     -0.0158026      0.0402324
     -0.0887669      0.0868436     -0.0114803
      0.0265523      0.0078738      0.0302852
      0.0397089      0.0773182     -0.0772613
     -0.1302770     -0.0579968     -0.0478569
     -0.0276995     -0.1687530     -0.1088177
     -0.3042897     -0.1658847     -0.2241015
      0.2978018      0.1923392      0.1086264
     -0.3228514      0.2217502      0.0491836
      0.1482849     -0.1127322     -0.0601267
     -0.1431888      0.0980109      0.1435748
     -0.1429256     -0.1524101     -0.0057218
      0.2073236     -0.0444612      0.0838489
      0.1077149     -0.1155675      0.0869079
      0.0830393     -0.1083068     -0.0428402
      0.0803812     -0.1104372      0.0129985
     -0.2330080     -0.0626902      0.0604166
      0.0641117      0.1935787      0.1808422
      0.1018567      0.1154921     -0.1111645
     -0.0672086      0.1615382      0.0180270
     -0.2388639     -0.0507885     -0.0442399
      0.0076708     -0.1103433     -0.1547886
     -0.0808555      0.1946294     -0.0151651
     -0.0797043     -0.0857388     -0.1138235
     -0.0086051     -0.0541849     -0.2950357
      0.1559390     -0.0889158     -0.1671458
     -0.0720352      0.0574584      0.2993719
     -0.0535566      0.0014077      0.0000903
     -0.0825935      0.0962497     -0.0259222
      0.2747330     -0.1748575     -0.0570771
     -0.2538105     -0.1524748     -0.1011040
     -0.1576763      0.0840148      0.1791383
      0.1654318      0.1325115      0.4427527
     -0.0552021     -0.0185795     -0.1077705
     -0.0152496     -0.0301939      0.0922189
      0.2187308     -0.0297077      0.2433839
     -0.1943758      0.0019537      0.0132269
     -0.0948757     -0.1888815     -0.2542851
      0.0284143     -0.0241744      0.0718222
     -0.0160400     -0.0110789      0.0147155
      0.0908052     -0.0364334     -0.0287037
     -0.1175040      0.2278087      0.0395524
     -0.0594757     -0.2844583      0.1378633
      0.4918721     -0.0666605     -0.2254479
     -0.0311896     -0.2484454      0.0310957
      0.0705195     -0.0043028      0.0918550
     -0.0211956      0.0381479      0.3729448
     -0.1871507     -0.1108768     -0.0151449
     -0.0892909      0.2218132     -0.3869311
     -0.1452688      0.3304287     -0.0022514
      0.2250699      0.2252621      0.2298630
     -0.1261705     -0.0355330     -0.1141553
     -0.0393452      0.1449118     -0.0513816
      0.0132661      0.0272513     -0.0288085
      0.5838891      0.0793802      0.2955565
     -0.5029328     -0.2859274      0.1226116
     -0.4573733     -0.2685206      0.1892981
      0.0888989     -0.2012925      0.2718373
     -0.0516661     -0.0288012      0.1303120
      0.1769720     -0.1309970     -0.1793336
      0.3174966     -0.4004984      0.2058460
     -0.1517290      0.2981115      0.0579892
     -0.0671283     -0.4197674      0.5409641
     -0.0612585     -0.1048395      0.4942893
      0.1351453      0.2839008     -0.7244507
      0.1013372      0.1262540     -0.0939982
     -0.2909745     -0.2631478      0.0010613
     -0.7197633     -0.1142516     -0.2509579
      0.6712352     -0.4870374      0.5709221
     -0.1579866     -0.0003062     -0.2563164
      0.0845823     -0.2581311     -0.4871801
      0.1253067      0.0131695     -0.1517007
     -0.1500214      0.0461680     -0.1016935
     -0.1374689     -0.0343698     -0.1859835
      0.3292062      0.1047126     -0.1099011
      0.2306495     -0.2325813      0.3865327
      0.1299916     -0.2713314      0.1538967
     -0.3388497     -0.0944909      0.2113751
     -0.0280343      0.0395137     -0.2756504
     -0.0129882      0.1513864     -0.0005148
     -0.4344338      0.0799727     -0.1378445
     -0.3303829     -0.0521623     -0.1578883
      0.0530612      0.3946299     -0.2486065
      0.1895443      0.1491781     -0.2028267
     -0.0553608      0.0738291     -0.3591693
      0.1336637      0.0030567     -0.0882748
      0.0939298     -0.1631571      0.0328790
      0.3418782     -0.1520408      0.0495181
      0.2260482     -0.2550249      0.0041900
     -0.0665751      0.0341614     -0.0231636
     -0.1408813      0.1854051      0.0449431
     -0.0193607     -0.0488441     -0.0515039
      0.0327938      0.0063862      0.1922887
      0.0943103     -0.0840175      0.1954277
      0.0676998      0.0250751      0.1063052
     -0.0503956      0.0544671      0.0316216
      0.0098932      0.0046017      0.0224841
     -0.0019062     -0.0082350      0.0161836
      0.0168278      0.0460421      0.0719481
