NATOMS      142
STEP       1000
TEMP    0.6160
     -6.5425020     -3.2498366     -8.9854187
     -6.7879020     -3.8790011    -10.2487061
     -6.2666230     -3.0374818    -11.4057613
     -5.6352026     -0.7997966    -11.6920854
     -4.6359549      0.6538985     -9.7531500
     -3.2795093      2.4720214    -10.6952256
     -2.8196243     -4.5764886    -11.7532350
     -1.7227674     -3.4588826    -12.0685231
     -1.3931512     -3.1743854    -13.4364487
     -0.2428332     -2.1968063    -13.5689192
      0.3188073     -0.1018705    -12.6995132
     -0.4377476      0.7846950    -10.3483470
      1.1325589      2.5098091     -9.6118641
      2.6489494     -4.6343663    -13.1174308
      3.4403798     -4.3903225    -11.7554906
      4.0642208     -3.1392138    -11.4600031
      4.5465192     -3.1615778    -10.0133777
      4.0312301     -4.4408537     -8.1178469
      3.2371721     -6.9321103     -8.3841396
      3.4783069     -8.1068742     -6.2469076
      8.0965267     -4.4488680    -10.5348453
      9.0734250     -4.1332290     -9.3232092
     10.2095161     -4.9552349     -9.0255428
     11.0193189     -4.3740589     -7.8674776
     10.9514028     -2.3775119     -6.6343122
      8.7528528     -1.0586694     -6.0332333
      9.1396313      0.2784668     -4.0295843
      9.7420769     -6.6401699     -5.0160401
      9.8806639     -5.9088182     -3.5998786
     11.1471212     -5.5876310     -2.9990776
     10.9243372     -5.0157896     -1.6112224
      9.1196311     -4.0520533     -0.4922988
      6.1555053     -4.3016873     -1.1359152
     11.1518608     -8.2562777      0.3624250
     10.6554530     -8.0288204      1.8689461
      9.4029962     -8.5046779      2.3784339
      9.6186551     -9.5371919      3.4506866
     11.4671775    -10.6702296      4.3342299
     13.8660124     -9.6113475      4.5531689
     14.9910105    -10.3553738      6.6085959
      8.7395272     -7.3844192      6.4669788
      9.0777093     -8.1487921      7.8241563
      8.4260527     -9.3583262      8.2058146
      8.1469359     -9.2995056      9.7052228
      8.6333165     -7.8414035     11.4769626
      8.9234063     -5.2426340     11.2194767
      7.4989040     -4.0276347     12.8054091
      4.3559873     -8.7547903      9.4724956
      3.8760268     -7.7879666     10.6470226
      3.0285833     -8.2113232     11.7130176
      2.1594411     -7.1107380     12.3273333
      2.0979563     -4.7665468     12.4306493
      3.3480209     -2.6034117     10.7759780
     -1.0388315     -7.5432776     10.1512993
     -1.8689640     -6.1990470     10.1716309
     -2.9806925     -6.0181407     11.0483642
     -3.5612792     -4.6252843     10.8973257
     -2.8539985     -2.6589634      9.8448944
     -0.9247250     -2.0757803      7.5310619
     -6.1305544     -5.4015495      8.1564507
     -6.9327950     -4.1183693      7.6367891
     -7.9794526     -3.4651985      8.3745593
     -8.6087604     -2.3051810      7.6330190
     -7.9549982     -0.8600614      5.9034295
     -6.0224626     -1.1716549      3.6212335
    -11.3757575     -4.2331691      5.8698447
    -11.3617692     -3.9703464      4.2838571
    -11.5911930     -2.7211959      3.6271643
    -11.8725322     -2.8954307      2.1279416
    -11.4960428     -4.6016287      0.5706271
    -10.8012117     -7.5083258      0.6491624
    -15.6643716     -2.2598960      2.2102508
    -16.1051044     -1.0748615      1.2567259
    -16.6460198     -1.3903096     -0.0178546
    -16.9013316     -0.1154375     -0.8016362
    -17.4838579      2.0974720     -0.2645157
    -17.2218228      3.7521778      2.2212546
    -13.6181170      0.0209759     -2.7120352
    -13.8130614     -0.1711037     -4.2722439
    -12.8208690      0.3065649     -5.1878895
    -12.9958281     -0.2158480     -6.6193740
    -13.7854188     -2.2025879     -7.5709970
    -15.3313933     -4.5535547     -6.5246981
    -15.3029934      2.5938421     -7.9765168
    -14.6358570      3.2820400     -9.2570881
    -13.7207405      2.5939699    -10.1233874
    -13.0937380      3.6130009    -11.1055555
    -13.4265821      5.8736525    -11.7390898
    -14.7587990      8.2399913    -10.3426739
    -10.0987994      4.5421865     -8.8522339
     -9.1808487      5.7085940     -9.4645525
     -7.8664565      5.4481360     -9.9384483
     -7.0680781      6.7402609    -10.1082601
     -7.4555974      8.8426249    -11.0382746
     -9.9293001      9.7352302    -11.2000856
    -10.2034001     11.7650347    -11.9646600
     -5.6733491      7.2584419     -6.6283646
     -5.1838096      8.7317993     -6.3424197
     -5.8559016      9.4617231     -5.3336046
     -5.5844900      8.8587631     -3.9779221
     -4.5701777      6.9223797     -3.1262212
     -2.9996202      5.5017769     -4.6732861
     -2.1177962      3.7673353     -3.7285478
     -2.6050787     11.2094120     -3.0560547
     -2.4571397     11.0893566     -1.5007909
     -1.4852761     11.7060751     -0.6951141
     -1.8574618     11.4380345      0.7561514
     -3.5258142     11.9868124      2.3388555
     -6.1166741     13.4242433      1.6466781
      0.0848581      8.3692724      1.5937480
      0.2395191      8.0933090      3.1446839
     -0.0944236      9.0769736      4.1629228
     -0.6678299      8.5319678      5.4339094
     -1.2144413      6.3215431      5.9746931
     -1.0079937      4.3084280      4.2999207
      0.2259670      2.7092201      4.9876316
      2.5562720      9.2447196      7.5146266
      2.4501238      8.6421184      8.9868286
      2.7283546      9.4657956     10.1204663
      2.9136861      8.5852070     11.3214160
      2.1551245      6.4763339     11.9461281
      1.8267324      4.5616462     10.1720989
      2.5630996      2.5106163     11.2487907
      6.6126104      7.8304705     10.6744541
      7.0051707      6.3499900     11.1283608
      7.9978578      5.5605808     10.4517344
      7.5880599      5.3104180      9.0076472
      8.0068710      6.2703126      6.9136888
     10.3152475      7.9217199      5.9515197
      9.4388533      2.0266836      8.5822298
      9.6983122      1.7397018      7.0395204
     10.8716482      1.1007371      6.5495922
     10.7692421      0.9278083      5.0494568
     11.6345039      2.0976726      3.2126943
     13.9913973      3.9540638      3.0498051
     13.0721139     -2.1437341      4.8617658
     13.7390758     -2.2188413      3.4186307
     13.0212209     -2.7655381      2.3118243
     13.7821339     -2.5353449      1.0211365
     15.3305625     -0.9568854      0.2418292
     17.1410213      0.1592726      1.7747857
     18.9306744      1.2541667      0.5053119
     -0.1501689      0.2069485      0.0778675
     -0.0019360      0.1835379      0.0813002
      0.0861183      0.0909375      0.0821862
      0.1892740      0.0470687     -0.0391575
     -0.0210920      0.0829900      0.0395466
     -0.0392500      0.0158122      0.0028325
     -0.0393072     -0.0535624      0.0232434
     -0.1691724      0.1170580     -0.0328220
     -0.1383641     -0.0430159      0.1826054
     -0.2021143     -0.0256798     -0.0394041
     -0.3585057      0.0643735     -0.0973575
      0.0345308      0.0501305      0.0457897
      0.1074685      0.0369975     -0.0736176
      0.0657120      0.0803938      0.0426237
      0.0045846      0.1366548     -0.0522852
     -0.0195931      0.0248174      0.0482023
     -0.1045271      0.1234369      0.0973950
     -0.2382105      0.1125133     -0.0172378
      0.0606413      0.0021060      0.0254463
      0.0061649      0.0420213     -0.0241358
     -0.0345272     -0.0676985      0.1388353
      0.0288174      0.1432060      0.0745533
     -0.2598503     -0.1348768     -0.2360664
      0.0221349      0.0598962     -0.0361465
     -0.1081922      0.3704496      0.1634034
      0.0617076     -0.0600894      0.0508080
     -0.0491840      0.0987036     -0.0119320
     -0.0056338      0.0456513      0.0717954
     -0.0592770     -0.2728461      0.0870357
      0.1743607      0.1412579     -0.1717370
      0.0926210      0.1590756      0.0686363
     -0.1977774      0.0039871     -0.0124984
      0.0388998      0.0051399     -0.1075967
     -0.0336628     -0.1836618      0.0557875
      0.0519721      0.1872790      0.1274380
     -0.1436975      0.1968778      0.1860702
     -0.0156758      0.0376735      0.0922260
      0.1552789      0.0518449      0.0003853
      0.0540899      0.0220324      0.0119254
     -0.1362598     -0.0456366      0.0404595
     -0.0168509     -0.0205555      0.0308422
     -0.1846495     -0.2984369      0.0598380
     -0.0046430     -0.1297162      0.1017011
     -0.1268080      0.0141746     -0.0131338
      0.1959188      0.0069856      0.2132128
     -0.0613888     -0.0706526      0.0250425
     -0.0221585      0.0754787     -0.0208933
     -0.0295832      0.0818202      0.0187434
      0.0018079     -0.1932148      0.1766303
     -0.2165045     -0.1234372     -0.0490374
      0.3488844      0.0301723      0.0024198
     -0.4391373     -0.0266475     -0.2588912
      0.0416524     -0.0441202      0.0679235
      0.0568078      0.0743733     -0.1163569
     -0.2035403     -0.2182899     -0.1305830
     -0.1060260     -0.0791943     -0.0839812
     -0.1249965     -0.0897377     -0.1939289
      0.0517839     -0.0376503     -0.1137569
      0.0840843     -0.0739414     -0.0056841
      0.0980981     -0.0324539      0.0951716
      0.0990299      0.1754117     -0.0839715
      0.0707151     -0.1161046     -0.1668857
      0.3341931      0.0056482      0.0325423
      0.1312896     -0.1528774      0.0292635
      0.0607381     -0.0661989     -0.1163556
      0.0230750     -0.0479725      0.0883441
     -0.2820917      0.0124862      0.1229276
     -0.1076435     -0.0163738      0.0345209
     -0.2035191      0.0381814     -0.0605289
     -0.4082600     -0.0147785      0.0162129
      0.0450646     -0.0349729      0.0439230
     -0.0136170     -0.0027359      0.0486640
      0.2183953     -0.0638665      0.1804667
     -0.1282196     -0.4876978      0.1468493
      0.2048752     -0.2794921     -0.2115842
     -0.2826040     -0.0851695     -0.3465944
     -0.0375536      0.0570932     -0.0771620
     -0.0800821     -0.0032388      0.1028986
     -0.1172622      0.2188101      0.0188146
      0.0995976     -0.2447819      0.1117967
      0.0429565     -0.2977131     -0.0769410
      0.1280728     -0.0213185      0.0452538
     -0.0380746      0.1313118      0.0318587
      0.0116875      0.0021409      0.0501168
     -0.0022725     -0.1194238      0.2005217
      0.3227068     -0.5007328      0.4580354
      0.0767446      0.1860644      0.0026599
      0.2178534      0.1949659      0.1700405
     -0.0705638     -0.0098509      0.0221953
     -0.0347336     -0.1649792     -0.1838227
     -0.0844537     -0.1601346      0.0622546
      0.1314554      0.1948032     -0.0724713
     -0.1280245      0.2110543     -0.1183600
      0.1525212     -0.1478308     -0.0901826
      0.0381903     -0.0198746      0.0204426
     -0.0686908     -0.0590976     -0.0257029
     -0.1665155     -0.1264145      0.2103493
      0.1296151     -0.0835612     -0.3151087
     -0.1618766     -0.0886186     -0.4829630
     -0.0699528      0.0613613     -0.4895365
     -0.2231565      0.0302320     -0.4327759
     -0.0408094     -0.0777338      0.0320666
      0.0600945     -0.0099588      0.2229154
     -0.0208839     -0.1488772      0.2263165
      0.1622491     -0.1047703      0.0162249
     -0.1014361      0.6762957      0.1122869
     -0.5252868      0.3142968     -0.0548262
     -0.8068518     -0.6276905     -0.4885190
      0.0597852      0.2809977     -0.1411453
      0.1501207      0.2316215      0.0888672
     -0.6906704     -0.9532427      0.5459172
     -0.4510817      0.5876663     -0.0474817
      0.7033008      0.0784296      0.1870706
     -0.0537788      0.7033312     -0.4273817
      0.2371761     -0.1617137     -0.0698205
     -0.0744910     -0.2375040     -0.1121700
      0.0793347     -0.1872238      0.0151571
      0.0707871     -0.1836467     -0.0415663
      0.4711227     -0.1406906      0.2068353
      0.3771534     -0.2183836      0.4062469
     -0.1002774     -0.2037029      0.1128348
     -0.0439674      0.1141966     -0.0476374
     -0.0237410     -0.0451274     -0.0753637
     -0.1243077      0.2043637     -0.0184190
     -0.0576826      0.2053281      0.1757246
      0.0073080      0.2455283     -0.0141765
     -0.0484751      0.1049784     -0.0495873
     -0.1041546      0.1711467     -0.0574149
      0.0364197      0.0329561     -0.0383167
     -0.0684304      0.0408177      0.1949519
      0.0088358      0.2612648      0.1501091
     -0.2288519     -0.0621651     -0.0163940
     -0.0366243     -0.0291167     -0.0723549
      0.2328879     -0.1790539      0.0301486
      0.0436483     -0.0074113     -0.0271185
      0.0052849     -0.0821280     -0.0490017
      0.1182972     -0.3037317     -0.0348682
      0.1330884     -0.1737368     -0.1225143
      0.1354557     -0.0991212     -0.1024481
     -0.0163874      0.1252297     -0.0423240
     -0.0259521      0.0034286      0.0069350
      0.0116729     -0.0067588      0.0686131
