     7.85600000    -7.77300000   -14.58100000
     7.24800000    -6.68900000   -16.72200000
     8.47500000    -4.53800000   -16.61000000
     5.07000000    -5.88500000   -16.54700000
     3.94764354    -5.85363917   -14.13328103
     2.24344803    -4.04862263   -13.97946235
     9.10100000    -3.36000000   -15.70500000
     7.95300000    -2.22500000   -15.62600000
     6.44000000    -0.49100000   -16.51800000
     7.36100000     1.68300000   -15.74100000
     4.48300000    -0.51500000   -15.26800000
     4.43779663    -1.70356480   -12.89055934
     2.65938733    -0.69543316   -11.47512725
     8.04600000     2.59000000   -14.59600000
     6.82300000     3.22700000   -13.74500000
     4.90500000     4.73700000   -13.32700000
     5.90700000     6.61400000   -12.04800000
     3.48600000     3.90800000   -11.69800000
     4.22342867     1.99231602   -10.02354240
     2.75144252     1.98143924    -8.01881894
     7.03500000     7.09900000   -11.00400000
     6.43500000     6.79900000    -9.52800000
     4.88600000     7.07400000    -7.61800000
     5.99300000     8.65300000    -6.06100000
     4.65800000     5.26800000    -6.21500000
     5.89881467     2.94334501    -5.88688740
     4.83919439     1.67563444    -4.02187315
     7.40800000     9.41400000    -5.99500000
     8.35100000     8.39900000    -5.16500000
     9.26300000     7.24800000    -3.20600000
    11.42100000     8.45400000    -3.12200000
     9.99400000     5.09900000    -3.61300000
    10.18786310     3.18783452    -6.02952543
    12.82800000     8.95900000    -3.72500000
    13.85900000     7.78700000    -3.31500000
    15.99400000     6.56100000    -3.30600000
    15.69400000     4.50200000    -4.61500000
    15.97800000     5.64200000    -1.16000000
    13.81679880     6.19297816     0.29456696
    13.18069552     4.25584137     1.71436027
    14.63600000     3.61300000    -5.44700000
    14.13500000     2.47700000    -4.40900000
    14.37400000     0.45300000    -3.00600000
    13.05300000    -1.19900000    -4.32600000
    13.17500000     0.46700000    -1.03700000
    11.23618536     2.09674961    -0.24961019
     9.87220227     1.01164404     1.52202737
    11.71100000    -1.66900000    -5.10300000
    10.68300000    -2.24900000    -3.98700000
    10.09000000    -3.71200000    -2.07000000
     8.39700000    -5.39900000    -2.67000000
     8.88100000    -2.46100000    -0.51500000
     7.27340489     0.09881727    -0.55964308
     6.91200000    -6.00000000    -2.85000000
     6.38200000    -6.20400000    -1.32200000
     5.71100000    -7.47900000     0.71600000
     3.65100000    -7.02900000     1.92100000
     6.39700000    -6.36000000     2.61500000
     8.48061450    -4.99791574     4.46282953
     2.22500000    -7.47800000     1.33400000
     1.44700000    -6.06600000     1.22800000
     0.59400000    -3.94300000     2.19300000
    -1.58300000    -3.89200000     1.02700000
     1.62100000    -2.07500000     1.24800000
     3.56664770    -1.90593339    -1.07410304
    -2.50000000    -4.04100000    -0.29000000
    -2.48300000    -2.59800000    -1.02200000
    -2.97700000    -0.19400000    -1.29800000
    -4.86300000    -0.25000000    -2.89000000
    -1.35700000     0.82900000    -2.62800000
     0.92989256    -0.32918235    -4.25234042
    -5.61800000    -0.90500000    -4.15800000
    -5.14500000    -0.03500000    -5.43400000
    -4.83300000     2.03700000    -6.73200000
    -6.18700000     1.80700000    -8.78000000
    -2.69700000     2.02000000    -7.66900000
    -0.63401981    -0.16379735    -8.05087297
    -6.78700000     0.93500000    -9.99800000
    -5.74300000     1.08500000   -11.22100000
    -4.49200000     2.24300000   -13.00400000
    -4.56600000     1.84900000   -15.44000000
    -2.88500000     0.58300000   -13.23900000
    -1.34450926    -1.62808775   -11.85933349
    -5.44400000     2.97900000   -16.18500000
    -5.09500000     4.35800000   -15.42000000
    -3.66300000     6.20300000   -14.65500000
    -4.84700000     8.34800000   -14.20600000
    -2.27200000     7.83900000   -15.52500000
     0.20470786     8.29240447   -17.32060648
    -5.98000000     8.14400000   -13.07300000
    -5.28400000     7.24400000   -11.92700000
    -3.49600000     6.68300000   -10.34700000
    -2.90200000     7.27100000    -8.07500000
    -1.70200000     5.31200000   -10.67400000
    -0.10206836     4.55964787   -12.64158993
     0.92214816     6.16415982   -13.80820027
    -2.24400000     8.23200000    -6.96500000
    -3.07400000     7.86800000    -5.61700000
    -5.10200000     7.47700000    -4.23300000
    -5.22600000     8.76200000    -2.11900000
    -4.23000000     5.50200000    -3.32000000
    -1.91295519     4.92142865    -4.49148444
    -0.13786582     4.64790318    -3.18562363
    -4.71700000    10.23200000    -1.70500000
    -3.46600000     9.98400000    -0.70800000
    -2.32200000     9.27900000     1.38500000
    -0.82300000    10.70000000     2.75700000
    -0.26500000     8.93900000     0.33800000
     0.93356971     8.13811666    -2.32078337
    -1.57200000    11.12100000     4.12100000
    -2.21800000     9.74900000     4.66700000
    -2.22000000     7.42000000     5.37100000
    -1.28600000     6.30400000     7.39100000
    -2.54400000     5.52500000     4.06000000
    -0.54897321     4.86149812     2.43827228
    -0.40703187     2.68934599     1.96750270
     0.06500000     5.80500000     8.10800000
     0.27800000     4.27300000     7.62700000
    -0.09700000     1.82700000     7.61400000
     1.45000000     0.96900000     9.33500000
     0.88300000     0.90200000     5.71800000
     2.45275668     2.36883381     4.15568509
     3.93543011     0.92449703     2.77815708
     2.81800000     1.14800000    10.16900000
     3.90800000     0.22200000     9.41500000
     5.05300000    -1.86700000     8.76500000
     7.14400000    -1.76100000    10.11800000
     5.98500000    -1.67000000     6.64000000
     6.59647029     0.80694731     5.00320051
     8.35300000    -0.90100000    10.75800000
     9.51400000    -0.84800000     9.63200000
    11.18000000    -1.82600000     8.08400000
    13.42900000    -1.35100000     9.00700000
    11.31700000    -0.63900000     6.09400000
    10.62464659     2.16451728     5.19034737
    14.47500000    -0.36300000     9.73600000
    15.24800000     0.42600000     8.55900000
    16.77900000     0.70700000     6.63900000
    18.81100000     2.02400000     6.39200000
    15.89500000     2.79300000     6.11200000
    13.61009404     4.07230232     6.51405469
    13.53470426     6.14174597     5.13879069
