     142
Energy of minimum      1=     3660.409712     first found at step        0 after                 3465 function calls
O         -7.4517793      -8.3134820      -9.7040771
C         -7.0013042      -9.1577934     -10.7663737
R4        -6.5811494      -8.3274745     -11.9681429
R1        -6.9599261      -6.1332656     -12.7004973
G1        -7.3308088      -4.0967310     -11.0910594
G2        -6.5990770      -2.0099977     -12.1449762
P         -2.8988020      -7.8951511     -11.0634079
O         -2.2807699      -6.6376739     -11.8243556
C         -1.6762800      -6.7341461     -13.1166542
R4        -1.2864452      -5.3580601     -13.6315593
R1        -1.9276298      -3.1514506     -13.1656860
G1        -2.6834835      -2.2762666     -10.8121603
G2        -2.8853390       0.1659734     -10.8072601
P          2.2747155      -5.2625139     -12.2655730
O          2.6791215      -3.7774603     -11.8509394
C          3.3207522      -2.8572559     -12.7377653
R4         3.5068795      -1.5157442     -12.0485031
R1         2.4839281      -0.4077084     -10.2532238
G1         1.4127152      -1.6081950      -8.1820742
G2         1.0383884      -0.0256300      -6.3485400
P          6.9752231      -2.1368514     -10.5769540
O          7.0437290      -1.6124792      -9.0732209
C          7.7222978      -0.4204113      -8.6683611
R4         7.4164565      -0.1381288      -7.2069815
R1         5.7713227      -0.8522422      -5.6990585
G1         4.6995889      -3.2380655      -5.8805105
G2         3.4137919      -3.7986550      -3.8724276
P         10.3427969      -2.0322160      -5.6520657
O          9.9635418      -2.5515121      -4.1927208
C         10.2449573      -1.8138912      -2.9999713
R4         9.6908147      -2.5384701      -1.7835802
R1         8.0943829      -4.2169869      -1.4227434
U1         6.9760677      -6.4421376      -3.2046463
P         12.7885399      -4.6173111      -0.9666965
O         12.3754199      -6.0989863      -0.5471166
C         13.3206274      -7.1539202      -0.3461084
R4        14.1429839      -6.9224221       0.9118083
R1        14.9416220      -5.0611813       2.0941563
G1        13.7866682      -2.7121263       2.2476521
G2        14.7876410      -1.3529496       4.0247792
P         11.8492216      -8.7250305       3.3743453
O         11.1269492      -7.7063143       4.3645931
C         11.4401685      -7.5999681       5.7558088
R4        10.4106322      -6.7435190       6.4786831
R1         8.7293453      -5.2422501       5.8369553
G1         7.3774257      -5.3645081       3.5930590
G2         5.0248591      -4.8023724       3.9761308
P          8.0421551      -9.5335329       7.5575358
O          6.6860215      -8.9674294       8.1806424
C          5.8214650      -9.8231141       8.9347522
R4         4.5724383      -9.1190929       9.4465699
R1         3.8564457      -6.9078326       9.7540366
C1         4.6771393      -4.2697289       8.5766175
P          2.2925909      -9.7339147       6.4450576
O          1.0086643      -8.7912630       6.5365317
C         -0.1586596      -9.1582616       7.2767332
R4        -1.1058917      -7.9799659       7.4479396
R1        -0.9854533      -5.6605491       7.1249182
U1         0.7334917      -3.8764614       5.3253417
P         -3.3298673      -8.6078886       4.4056141
O         -4.2725001      -7.3470494       4.1487752
C         -5.4545196      -7.1130303       4.9188881
R4        -6.0038934      -5.7161818       4.6762692
R1        -5.1796764      -3.7174224       3.7673977
C1        -3.0353707      -3.0513148       1.7707812
P         -8.5407229      -6.5864132       1.9497575
O         -8.6032592      -5.4200567       0.8647534
C         -9.0599541      -4.0996645       1.1688449
R4        -8.5386450      -3.1210800       0.1303452
R1        -6.6385817      -3.0497531      -1.2469903
C1        -4.7969319      -5.2304878      -2.2017481
P        -11.7205945      -2.7942034      -2.0030449
O        -12.1292286      -1.2588120      -2.1753667
C        -12.7994065      -0.5264898      -1.1464609
R4       -12.3916938       0.9368004      -1.1895889
R1       -10.6910180       2.1620621      -2.2391799
C1        -9.0693168       1.6909025      -4.7252218
P        -15.2765914       2.2797085      -3.3147719
O        -14.8108761       3.5885711      -4.1004195
C        -14.9216547       4.9168789      -3.5771737
R4       -13.8336968       5.7889964      -4.1832707
R1       -11.8794227       5.3636986      -5.4021510
C1       -11.1790723       2.9544909      -7.0553256
P        -15.7967578       7.3449932      -7.0699198
O        -14.8805691       7.4240167      -8.3736890
C        -15.1240550       8.2724964      -9.5010206
R4       -14.7925264       9.7312691      -9.2181968
R1       -14.8008389      11.1389373      -7.3430940
U1       -14.6652071      10.6660404      -4.3210997
P        -11.0582644       9.5785566     -10.0047534
O        -10.2963566      10.9347132      -9.6501465
C         -9.2742586      11.4438958     -10.5121493
R4        -8.4374846      12.5217291      -9.8404929
R1        -8.8077379      14.2117537      -8.2563061
A1       -10.6665474      14.2497860      -6.3909000
A2       -10.7820973      16.0446067      -5.1554003
P         -5.8663575      10.1872284      -8.2280570
O         -5.3604894      10.7403212      -6.8217024
C         -6.0669386      10.4924728      -5.6037395
R4        -6.1903011       9.0014336      -5.3225985
R1        -5.8336839       7.0284471      -6.5386845
A1        -4.1364626       6.7616357      -8.5347239
A2        -3.8063503       4.7301954      -9.2553387
P         -3.2379168       8.6991699      -2.9140869
O         -3.2742125       7.3095820      -2.1321426
C         -4.4082015       6.9066178      -1.3586100
R4        -4.1543956       5.6014412      -0.6195733
R1        -2.5492445       3.8950272      -0.7192105
C1         0.2632918       3.8973345      -1.7747230
P         -2.9061172       7.0888318       2.6654861
O         -2.5645305       5.9263342       3.7020374
C         -3.5274084       5.4382168       4.6397251
R4        -3.0160623       4.2010917       5.3599553
R1        -1.3788974       2.5801040       4.9219795
A1         0.7620144       2.9951145       3.4442690
A2         2.1487390       1.3252353       3.2320930
P         -1.4264114       6.0009993       8.3304770
O         -1.1688623       5.0132862       9.5556965
C         -1.6649024       5.2935042      10.8693245
R4        -1.2186298       4.2361556      11.8669504
R1        -0.5329589       2.0000198      11.7259119
G1         0.6502081       1.1690085       9.5395386
G2         2.0219945      -0.8229858       9.9240489
P          2.0958983       5.8320465      12.8947573
O          2.7322957       5.0635190      14.1383234
C          4.1116310       4.6963581      14.2359987
R4         4.4917648       3.6794428      13.1719721
R1         5.7249478       3.7185215      11.1779567
C1         7.8940190       5.5403118      10.1757059
P          7.0587989       1.7697255      15.2482039
O          8.1498550       1.0838110      14.3103212
C          9.5570977       1.2389362      14.5108643
R4        10.3297592       0.5080341      13.4255345
R1        11.4250610       1.1298756      11.4486001
C1        12.6019020       3.7558807      10.5863328
P         13.4504146      -0.3034775      15.4657061
O         14.6641792      -0.6667033      14.4980660
C         15.0368144      -2.0114542      14.1860507
R4        16.0815454      -2.0263045      13.0826281
R1        16.7765377      -0.5165855      11.4300306
G1        16.7391890       2.0838081      11.7633900
G2        18.0093838       3.2194554      10.0030557
     142
Energy of minimum      2=     3660.990413     first found at step       94 after                10487 function calls
O         -7.8167727      -8.0904755      -9.8300996
C         -7.1962668      -9.0624658     -10.6757271
R4        -6.6562977      -8.4078748     -11.9368467
R1        -7.0728248      -6.4151828     -13.0989302
G1        -7.8790454      -4.1912946     -11.9676081
G2        -7.0801317      -2.2347040     -13.2067177
P         -3.1493902      -7.5879913     -10.6761435
O         -2.5228229      -6.3846123     -11.5135262
C         -1.9304768      -6.5600897     -12.8032804
R4        -1.5176821      -5.2184817     -13.3862466
R1        -2.1179743      -2.9816744     -13.0217688
G1        -2.8714917      -2.0095352     -10.7058596
G2        -2.9516049       0.4388111     -10.7638695
P          2.0632001      -5.1387140     -12.0722413
O          2.4933905      -3.6502619     -11.6979600
C          3.1281480      -2.7549244     -12.6147921
R4         3.3468555      -1.4059511     -11.9502992
R1         2.3701904      -0.2566301     -10.1553092
G1         1.3035216      -1.4213692      -8.0615151
G2         0.9926621       0.1774236      -6.2302134
P          6.8392880      -2.0487500     -10.5461880
O          6.9404620      -1.5231612      -9.0447562
C          7.6418596      -0.3403545      -8.6517185
R4         7.3583900      -0.0522058      -7.1870291
R1         5.7243621      -0.7462993      -5.6580242
G1         4.6271850      -3.1210387      -5.8319021
G2         3.3715865      -3.6791360      -3.8042512
P         10.2757698      -1.9868457      -5.6653922
O          9.9038268      -2.5066689      -4.2042949
C         10.1977876      -1.7728849      -3.0121737
R4         9.6519614      -2.4983457      -1.7924791
R1         8.0508873      -4.1699918      -1.4202570
U1         6.9001104      -6.3827244      -3.1969785
P         12.7495313      -4.5891774      -1.0062570
O         12.3354018      -6.0709312      -0.5879422
C         13.2795255      -7.1285052      -0.3959076
R4        14.1076247      -6.9047077       0.8596516
R1        14.9124774      -5.0508070       2.0493187
G1        13.7596673      -2.7020225       2.2220216
G2        14.7698706      -1.3537166       4.0022186
P         11.8253289      -8.7227926       3.3214896
O         11.1134638      -7.7115097       4.3267749
C         11.4369782      -7.6200996       5.7167096
R4        10.4130743      -6.7713346       6.4564748
R1         8.7266948      -5.2636765       5.8437834
G1         7.3568480      -5.3631758       3.6096845
G2         5.0092548      -4.7963154       4.0156379
P          8.0533950      -9.5729168       7.5246223
O          6.6967010      -9.0138086       8.1528266
C          5.8282453      -9.8798038       8.8905273
R4         4.5795841      -9.1816217       9.4111873
R1         3.8679807      -6.9742332       9.7546144
C1         4.6973538      -4.3183471       8.6241794
P          2.3041172      -9.7441726       6.3961350
O          1.0173634      -8.8071947       6.5045586
C         -0.1485783      -9.1911304       7.2383321
R4        -1.1009938      -8.0199023       7.4280797
R1        -0.9888146      -5.6946151       7.1469846
U1         0.7285558      -3.8719012       5.3849944
P         -3.3206786      -8.6085640       4.3749128
O         -4.2709092      -7.3492841       4.1394760
C         -5.4525509      -7.1336768       4.9155237
R4        -6.0120290      -5.7376205       4.6923787
R1        -5.1984217      -3.7172933       3.8222490
C1        -3.0536881      -2.9953882       1.8455350
P         -8.5489503      -6.5939802       1.9611283
O         -8.5761836      -5.4468319       0.8545554
C         -9.0002478      -4.1094411       1.1297463
R4        -8.4490835      -3.1674632       0.0731240
R1        -6.5495261      -3.1855146      -1.3068222
C1        -4.7870099      -5.4429925      -2.2324535
P        -11.6198768      -2.7946836      -2.0682088
O        -11.9944381      -1.2532934      -2.2632149
C        -12.7770586      -0.5225281      -1.3157984
R4       -12.4655950       0.9617261      -1.4117940
R1       -10.7532285       2.2457608      -2.3675237
C1        -8.8220977       1.6959245      -4.6033097
P        -15.2081065       1.9891571      -3.8725115
O        -14.7606572       3.3009174      -4.6644106
C        -14.8556890       4.6226938      -4.1220075
R4       -13.7445491       5.4902509      -4.6920864
R1       -11.7945914       5.0723192      -5.9212193
C1       -11.0877630       2.7411791      -7.6802630
P        -15.6440849       7.1795201      -7.5468688
O        -14.6986886       7.3024293      -8.8261664
C        -14.8921679       8.2066868      -9.9193436
R4       -14.5861871       9.6519736      -9.5505173
R1       -14.7518442      10.9860947      -7.6293745
U1       -14.8670495      10.4085700      -4.6247600
P        -10.8000737       9.5419652     -10.0525311
O        -10.0839409      10.9042917      -9.6321633
C         -9.0443137      11.4635824     -10.4406662
R4        -8.2826248      12.5661229      -9.7211002
R1        -8.7944884      14.2310268      -8.1496869
A1       -10.7539581      14.1895472      -6.3903575
A2       -10.9812186      15.9552560      -5.1286702
P         -5.6895151      10.3237865      -8.0167425
O         -5.2342346      10.9044726      -6.6041463
C         -5.9550024      10.6347028      -5.3993801
R4        -6.0564548       9.1388317      -5.1367677
R1        -5.6502729       7.1882251      -6.3728329
A1        -3.9357411       6.9791686      -8.3610504
A2        -3.6074124       4.9686921      -9.1385415
P         -3.1464061       8.8459059      -2.6778596
O         -3.1934786       7.4530225      -1.9022697
C         -4.3378635       7.0501675      -1.1440947
R4        -4.1037443       5.7315666      -0.4228388
R1        -2.5172552       4.0088906      -0.5375561
C1         0.3026118       3.9969588      -1.5729789
P         -2.8589634       7.1561708       2.8912463
O         -2.5235906       5.9744922       3.9079591
C         -3.4884657       5.4761472       4.8381830
R4        -2.9821998       4.2260294       5.5393466
R1        -1.3528132       2.6043220       5.0757232
A1         0.7888747       3.0311449       3.6024955
A2         2.1676926       1.3581766       3.3645906
P         -1.3827133       5.9742572       8.5353858
O         -1.1259963       4.9669700       9.7447482
C         -1.6186727       5.2288044      11.0634357
R4        -1.1705583       4.1574116      12.0451444
R1        -0.4881396       1.9225366      11.8718698
G1         0.6863663       1.1182511       9.6708676
G2         2.0529688      -0.8831412      10.0237914
P          2.1476854       5.7366342      13.0862578
O          2.7903614       4.9464122      14.3128774
C          4.1707858       4.5802120      14.3977373
R4         4.5476361       3.5826376      13.3144121
R1         5.7649006       3.6604916      11.3117959
C1         7.9160370       5.5110605      10.3237777
P          7.1369589       1.6492454      15.3404575
O          8.2188921       0.9758965      14.3830915
C          9.6280191       1.1310726      14.5699441
R4        10.3897782       0.4115757      13.4693834
R1        11.4635393       1.0535720      11.4870758
C1        12.6298483       3.6883659      10.6374045
P         13.5328975      -0.4161072      15.4681501
O         14.7367662      -0.7680892      14.4841295
C         15.1073226      -2.1091712      14.1543530
R4        16.1406670      -2.1115946      13.0401615
R1        16.8176030      -0.5840756      11.3964483
G1        16.7818788       2.0126635      11.7573397
G2        18.0336589       3.1676179       9.9963740
