     -7.81677274828939872009     -8.09047554129661783406     -9.83009956297401821246
     -7.19626680014171249411     -9.06246576291654726276    -10.67572712835228188055
     -6.65629772557935517341     -8.40787476689692070408    -11.93684673382937333486
     -7.07282476321397712837     -6.41518279991344009261    -13.09893024059055655073
     -7.87904544784226956722     -4.19129461841511208320    -11.96760811225093235066
     -7.08013173742736601213     -2.23470395072654604007    -13.20671772071893279588
     -3.14939017790733677415     -7.58799130435439739273    -10.67614352427753487973
     -2.52282285397370076296     -6.38461232511702103665    -11.51352624004896441079
     -1.93047679056222332150     -6.56008966032918650058    -12.80328043511868330029
     -1.51768206164154384474     -5.21848169332194000702    -13.38624657905559089954
     -2.11797432816221853358     -2.98167436908682148555    -13.02176882884983477595
     -2.87149168822551148494     -2.00953522327476186149    -10.70585960328805619213
     -2.95160489684208426908      0.43881107122680895749    -10.76386949720453500845
      2.06320007139080452419     -5.13871402151886425003    -12.07224133622791661935
      2.49339052976693587027     -3.65026186326036983232    -11.69795997605155513099
      3.12814795066370399113     -2.75492437596729278226    -12.61479205737744280214
      3.34685553946830660621     -1.40595114939194587578    -11.95029917282073661511
      2.37019037017388134458     -0.25663012184780747971    -10.15530923299067289634
      1.30352156245664430045     -1.42136918519173582887     -8.06151514488770182254
      0.99266207919394089387      0.17742356417923840772     -6.23021342514773301957
      6.83928802292697479714     -2.04875000171663090853    -10.54618803228046175491
      6.94046195473821381228     -1.52316115406988150660     -9.04475622716768157261
      7.64185959615866394756     -0.34035445066498604128     -8.65171852258619011877
      7.35839000868514592213     -0.05220577518793785565     -7.18702905039703665580
      5.72436213277575678404     -0.74629931486622769210     -5.65802420793406657396
      4.62718502270492226813     -3.12103868508619575195     -5.83190207113180214549
      3.37158653599609836604     -3.67913600942469187771     -3.80425119530603961238
     10.27576975969254569065     -1.98684571935444265200     -5.66539218762608953739
      9.90382684728118967143     -2.50666892548453468237     -4.20429492011567162990
     10.19778760058497546481     -1.77288493057156171240     -3.01217368279607011772
      9.65196135916331421356     -2.49834570517846676907     -1.79247909239447289487
      8.05088728474488313225     -4.16999182548364633050     -1.42025695369591309358
      6.90011036611521255679     -6.38272442194492128920     -3.19697849074477069564
     12.74953127236691763358     -4.58917738131619756814     -1.00625703885031336782
     12.33540180635727701031     -6.07093117600311416027     -0.58794217770688583791
     13.27952551950274440173     -7.12850519445160912824     -0.39590758507427858959
     14.10762473147489259873     -6.90470770439709102817      0.85965158726421464497
     14.91247735422698994512     -5.05080698365614644274      2.04931874929512680694
     13.75966725321895722800     -2.70202247165839759546      2.22202159152703426770
     14.76987055926693948038     -1.35371664281937498231      4.00221863327856386405
     11.82532894270028300809     -8.72279255815473675284      3.32148955828555125791
     11.11346380114268228567     -7.71150968338740216979      4.32677486653525011917
     11.43697822193371749222     -7.62009959432662320467      5.71670958917736182769
     10.41307426249548839792     -6.77133456372821562752      6.45647478448144163110
      8.72669482533614271347     -5.26367653666547230529      5.84378344573494246106
      7.35684803238570683703     -5.36317581260385090047      3.60968447521004653922
      5.00925477090110415901     -4.79631540389275201619      4.01563789657543868117
      8.05339497104555235296     -9.57291682871894877849      7.52462231284830096456
      6.69670102965307112441     -9.01380857802816848334      8.15282664693486402996
      5.82824529930784862586     -9.87980380194414742334      8.89052733351740087642
      4.57958412202331555108     -9.18162171639059287997      9.41118728623228406605
      3.86798067646513032969     -6.97423323407420259201      9.75461440637787191577
      4.69735375978314717571     -4.31834705417659758808      8.62417936619465663739
      2.30411719714733864706     -9.74417259954556591595      6.39613495463992176582
      1.01736344003144663084     -8.80719470692391759314      6.50455858803472697360
     -0.14857830202126240393     -9.19113037071753780083      7.23833213017668786193
     -1.10099377730621084126     -8.01990227850803449883      7.42807974283709260277
     -0.98881459890611844710     -5.69461509026756296237      7.14698464359049623340
      0.72855575746944079008     -3.87190115880234531076      5.38499438844011280025
     -3.32067857817501810302     -8.60856395307052757460      4.37491281935225995170
     -4.27090923595091442877     -7.34928411474355769428      4.13947598797189186826
     -5.45255087150670547658     -7.13367683242074601679      4.91552374594460328439
     -6.01202896123342434009     -5.73762048410953262589      4.69237865765444528421
     -5.19842166590290855055     -3.71729326306129959079      3.82224897970815247206
     -3.05368811050219202130     -2.99538821226160534295      1.84553500693661365339
     -8.54895027749241442905     -6.59398015115502467154      1.96112825748876962173
     -8.57618356390566560776     -5.44683194226533107241      0.85455544645672187887
     -9.00024775172948743318     -4.10944105760721534182      1.12974628757157669057
     -8.44908353921952759435     -3.16746321234567584924      0.07312403582960383397
     -6.54952608472122843608     -3.18551456498936014228     -1.30682218305708142125
     -4.78700990784679181189     -5.44299254740476534664     -2.23245345939288197812
    -11.61987684449385227481     -2.79468361146672439332     -2.06820876070640302657
    -11.99443810413298372453     -1.25329338343996976590     -2.26321487339955096374
    -12.77705863463440572048     -0.52252814604619424177     -1.31579835744787843055
    -12.46559501726602015026      0.96172612857860417801     -1.41179396549850744158
    -10.75322846640213825253      2.24576084246976082071     -2.36752369072796442495
     -8.82209765887181163180      1.69592447923428779610     -4.60330967842127947165
    -15.20810651745716945982      1.98915711647704562814     -3.87251153943704728988
    -14.76065719832545930501      3.30091737191772116589     -4.66441063781199982685
    -14.85568904763738729002      4.62269378889541382449     -4.12200747746401674476
    -13.74454905911936641871      5.49025090466166165726     -4.69208639004085359403
    -11.79459141539082978056      5.07231917309233892865     -5.92121930112685745939
    -11.08776300412902315884      2.74117909160580275341     -7.68026301893536444965
    -15.64408493080832407429      7.17952014057602116992     -7.54686883799963581509
    -14.69868859988642384451      7.30242930217006147586     -8.82616637247028101854
    -14.89216789431178966652      8.20668681827671875340     -9.91934357282784873178
    -14.58618713100329600252      9.65197361728325553543     -9.55051734193733281586
    -14.75184423002738753894     10.98609467394424576980     -7.62937452428787032943
    -14.86704950060777186138     10.40856998467188887503     -4.62475997272240935132
    -10.80007365997166424165      9.54196516101348812811    -10.05253107195402328955
    -10.08394092395201369072     10.90429165025923374799     -9.63216326273713363548
     -9.04431374618027383860     11.46358237786888523146    -10.44066616160961302739
     -8.28262481040021292245     12.56612286424732793932     -9.72110017574205542701
     -8.79448841335270081743     14.23102677622024181403     -8.14968686205530978839
    -10.75395813278731971252     14.18954720823987258882     -6.39035747936417930504
    -10.98121857807860202172     15.95525596330809925405     -5.12867022032486108429
     -5.68951509319958770305     10.32378654573942355910     -8.01674250727293014052
     -5.23423456319937319137     10.90447256789150820566     -6.60414625978884917146
     -5.95500236896288726030     10.63470277223619397944     -5.39938006024693972762
     -6.05645477591566816500      9.13883170886314566417     -5.13676771228319939411
     -5.65027289334361082496      7.18822514358027664372     -6.37283288644976142479
     -3.93574112309607215821      6.97916863777418772230     -8.36105038073348438843
     -3.60741238424084231795      4.96869214864643549134     -9.13854148045749248297
     -3.14640606126059463321      8.84590587973229247609     -2.67785961634727076586
     -3.19347859505362219323      7.45302249341751466005     -1.90226972677063255190
     -4.33786351434081129952      7.05016753871257773056     -1.14409473862704857972
     -4.10374425825393096545      5.73156657031209260111     -0.42283876586040364254
     -2.51725516808523241963      4.00889063613175977707     -0.53755608927406217656
      0.30261177433370745060      3.99695883658969730590     -1.57297891049587446055
     -2.85896337380318632526      7.15617079974092273886      2.89124630335365617739
     -2.52359063631376390191      5.97449219598792424790      3.90795907813980791801
     -3.48846572718350955711      5.47614719521158921367      4.83818303122948289996
     -2.98219982061087307557      4.22602939815074041263      5.53934655609033743673
     -1.35281317548050417088      2.60432200044620332235      5.07572324866488777673
      0.78887473815285835688      3.03114485338184502794      3.60249548412854858626
      2.16769263601049111401      1.35817663677317956861      3.36459063567300686870
     -1.38271325083180851578      5.97425721218269156765      8.53538577463962155889
     -1.12599633633587603576      4.96697002667327236480      9.74474818056093461394
     -1.61867270014006403578      5.22880441862070277637     11.06343565499106773586
     -1.17055834733274743975      4.15741158690490308913     12.04514439464427510984
     -0.48813957872800256554      1.92253661501934169920     11.87186978422744765282
      0.68636632055519575246      1.11825111896143813972      9.67086756902486222032
      2.05296881638062655995     -0.88314121121311994767     10.02379136920166047275
      2.14768538425622290688      5.73663416903146128334     13.08625784391073487711
      2.79036140051079728508      4.94641217951005351949     14.31287735622271384273
      4.17078582446541634710      4.58021203867329163018     14.39773725817383542847
      4.54763606352277793832      3.58263761206311581731     13.31441212064708246032
      5.76490061341683546203      3.66049161724326399536     11.31179592416731161109
      7.91603699809918559538      5.51106049547229304153     10.32377774570087858308
      7.13695893662467018004      1.64924538820767718761     15.34045751431653314967
      8.21889205520684029693      0.97589654896988298205     14.38309146469198118723
      9.62801907441719784231      1.13107262060506563728     14.56994411852726045709
     10.38977819340140840154      0.41157572173307621632     13.46938339857951838496
     11.46353926249111943036      1.05357204739369381130     11.48707581287043311136
     12.62984827896802997316      3.68836586261497378914     10.63740447866131511034
     13.53289748418575122457     -0.41610719295424669628     15.46815008418403714074
     14.73676621812390585831     -0.76808918769016809591     14.48412945461522127744
     15.10732255600562545794     -2.10917123771755976591     14.15435296812186471982
     16.14066700340343984976     -2.11159461998380804104     13.04016153173182068770
     16.81760301359966192081     -0.58407561251115969192     11.39644829376730150727
     16.78187876909382225676      2.01266353897106586857     11.75733965924685797688
     18.03365889502547148027      3.16761786688899693587      9.99637401716867124435
