     -7.45177932438538359605     -8.31348197453897874709     -9.70407710419030067328
     -7.00130416170253155883     -9.15779340116282192241    -10.76637372430046468708
     -6.58114936278598072761     -8.32747450110471376661    -11.96814286136163296703
     -6.95992613567881512893     -6.13326563278199010654    -12.70049734775937011477
     -7.33080877794755991772     -4.09673103631330270957    -11.09105943363161728143
     -6.59907699675352255042     -2.00999773320813979183    -12.14497616744875330141
     -2.89880200381781127916     -7.89515112356580939235    -11.06340786469003312220
     -2.28076994581833814024     -6.63767390227962472693    -11.82435556021124689607
     -1.67627998265028410607     -6.73414605943479038785    -13.11665415339568596664
     -1.28644523276180811067     -5.35806007484731949830    -13.63155925074571506173
     -1.92762981408620603929     -3.15145058084259765963    -13.16568601832954321651
     -2.68348345206674876451     -2.27626660543096148714    -10.81216027541467106232
     -2.88533901749445709228      0.16597337719893204278    -10.80726011704309286188
      2.27471545588897416934     -5.26251385643646596435    -12.26557302502217439155
      2.67912153535315011865     -3.77746025538739171878    -11.85093939790288786185
      3.32075222204160214190     -2.85725593852722559163    -12.73776526159528188487
      3.50687945081528473779     -1.51574417865365451696    -12.04850306779501600829
      2.48392808620920479967     -0.40770842076305580104    -10.25322376307224736536
      1.41271516649525064047     -1.60819496540914763649     -8.18207421870987339219
      1.03838844303037713956     -0.02563004442407549113     -6.34854004757783485502
      6.97522308929450751691     -2.13685136281726206775    -10.57695401928094014465
      7.04372896007000637297     -1.61247918636323950281     -9.07322090836542471948
      7.72229783292091287450     -0.42041129773181751261     -8.66836110487456856788
      7.41645649771687409668     -0.13812876283590486137     -7.20698147236040043140
      5.77132273104627824267     -0.85224224876565757292     -5.69905850423967041962
      4.69958889881503338870     -3.23806547695583368807     -5.88051048463565351199
      3.41379187597264399656     -3.79865498817828139977     -3.87242763258694333572
     10.34279686602371839399     -2.03221603006013173953     -5.65206568241383067175
      9.96354175635207717221     -2.55151205604693398499     -4.19272082455769190545
     10.24495734445671146773     -1.81389120249933455398     -2.99997134312436619652
      9.69081474740923276556     -2.53847009862211381304     -1.78358018184496458503
      8.09438286958591923792     -4.21698693901481114210     -1.42274344668027930005
      6.97606771092641153587     -6.44213759499222238247     -3.20464632977562269289
     12.78853994961560402999     -4.61731105677093633943     -0.96669654506124069737
     12.37541989148191490244     -6.09898631435261329159     -0.54711658304227206440
     13.32062737254538653531     -7.15392015020306182294     -0.34610835627514902058
     14.14298388341333989615     -6.92242211809927265875      0.91180830423157288589
     14.94162197304612504922     -5.06118134877937730920      2.09415634308391762630
     13.78666820522502511892     -2.71212632131419795201      2.24765213526949203526
     14.78764098201310694947     -1.35294958263933318143      4.02477922775365914987
     11.84922155849494096458     -8.72503052709508963858      3.37434525140522856290
     11.12694924804756979597     -7.70631425870110398080      4.36459309030528963547
     11.44016848226619487150     -7.59996810830365543410      5.75580884770317791066
     10.41063216274033642605     -6.74351899803806986711      6.47868313902513115465
      8.72934534144776996811     -5.24225011404807172966      5.83695533022844781357
      7.37742574488209790218     -5.36450810092435581566      3.59305903605938237177
      5.02485914857516124954     -4.80237243503645849785      3.97613079627608989597
      8.04215505153031529062     -9.53353293461866968528      7.55753578917168322704
      6.68602151833756241928     -8.96742943403148196069      8.18064235483960189299
      5.82146502810908650360     -9.82311410239569582359      8.93475219312590773768
      4.57243832713368014709     -9.11909293915656959939      9.44656991220342767690
      3.85644567717247310767     -6.90783263760182641988      9.75403659580320869793
      4.67713931186095521753     -4.26972891886078631529      8.57661754776984430748
      2.29259093324514129364     -9.73391472604692609139      6.44505764818983095665
      1.00866430406237239659     -8.79126303308320267149      6.53653173528556941108
     -0.15865961028441405434     -9.15826155259085439297      7.27673320935273437726
     -1.10589168514829383483     -7.97996589631096853168      7.44793955877319735492
     -0.98545328103164531175     -5.66054908801430922693      7.12491815091923896830
      0.73349167895570577258     -3.87646135945787673194      5.32534165347643817512
     -3.32986732872080049006     -8.60788864125990649256      4.40561411487099618967
     -4.27250010268556223991     -7.34704937339140240482      4.14877516944003588151
     -5.45451961180529742990     -7.11303028463621878075      4.91888811913409185195
     -6.00389336703759290970     -5.71618176920638454419      4.67626924425215850789
     -5.17967638905322580456     -3.71742236012880455931      3.76739765650452174128
     -3.03537072937590846067     -3.05131482580471669053      1.77078118179107901753
     -8.54072291255609528093     -6.58641315461600029835      1.94975754692462399653
     -8.60325923919621793345     -5.42005666161828525418      0.86475337007395991495
     -9.05995407303250921416     -4.09966454936854240998      1.16884492817124518993
     -8.53864504415683889249     -3.12107998108428352779      0.13034523391783101043
     -6.63858170237589906293     -3.04975307223260827527     -1.24699034428003452390
     -4.79693187469497228648     -5.23048782563292213865     -2.20174807014501716651
    -11.72059446166015383994     -2.79420344055037972453     -2.00304486331503106555
    -12.12922860155895499190     -1.25881196096144831742     -2.17536673821707493559
    -12.79940654453048054506     -0.52648978871201734808     -1.14646092719275505267
    -12.39169384861784628526      0.93680044401399165110     -1.18958891802904997981
    -10.69101800933134249760      2.16206205239992188538     -2.23917994166316081106
     -9.06931684001999194322      1.69090254688924290782     -4.72522175664364674219
    -15.27659144718282568931      2.27970846934651794058     -3.31477188426011437627
    -14.81087609476062816327      3.58857109678878671843     -4.10041954942308528587
    -14.92165474426619198312      4.91687889572279956951     -3.57717368841090843645
    -13.83369682413473178428      5.78899643888556880711     -4.18327070343635121219
    -11.87942273763534828390      5.36369862028058452807     -5.40215098938279680851
    -11.17907233209529671569      2.95449087928728504338     -7.05532559822819305140
    -15.79675779106512401029      7.34499323879755294797     -7.06991979152600791281
    -14.88056912276362098169      7.42401669657714169404     -8.37368897670594591887
    -15.12405497279345389927      8.27249644266076522570     -9.50102060299089856699
    -14.79252637122048952278      9.73126912668532995099     -9.21819681015007219571
    -14.80083893928218685687     11.13893729448258973491     -7.34309402306252856363
    -14.66520710748822686753     10.66604037096815993380     -4.32109974804190333231
    -11.05826441079297950409      9.57855656640867358931    -10.00475336544621818291
    -10.29635662518658989484     10.93471316949071514557     -9.65014653193007632126
     -9.27425856290442851559     11.44389575488469823483    -10.51214929488679672431
     -8.43748462911285734833     12.52172907099378029727     -9.84049292533891772905
     -8.80773790447732096709     14.21175372459588714946     -8.25630613526688250658
    -10.66654742631078711668     14.24978600821681951061     -6.39089996415339278713
    -10.78209727077375745807     16.04460673866994824266     -5.15540033269063258103
     -5.86635746290786475043     10.18722836064821457569     -8.22805703695050283386
     -5.36048944047738551433     10.74032119881590219279     -6.82170237316456784527
     -6.06693864647275304947     10.49247283724272961081     -5.60373953529161550335
     -6.19030111579231334673      9.00143361372832373490     -5.32259854017999600728
     -5.83368386327155974413      7.02844712644235158905     -6.53868448376808508726
     -4.13646260603250581767      6.76163574617662721522     -8.53472390437119621254
     -3.80635030156859599515      4.73019539226798801934     -9.25533874465804196063
     -3.23791680711913532065      8.69916992274586320377     -2.91408694122886302580
     -3.27421254590887045310      7.30958201551817410291     -2.13214261599099419442
     -4.40820149400332450540      6.90661782834965620737     -1.35861004528478224174
     -4.15439559103549704844      5.60144117604354363493     -0.61957329473685152088
     -2.54924446887274891438      3.89502719926172691345     -0.71921052226575099553
      0.26329182473321355307      3.89733454063664463973     -1.77472304922490065060
     -2.90611715273299653362      7.08883180138452129171      2.66548608994582236775
     -2.56453046545240015419      5.92633415502385396678      3.70203737897726092854
     -3.52740839626682989305      5.43821676094033801263      4.63972508775126168956
     -3.01606231785722922467      4.20109171381757207087      5.35995530229031480474
     -1.37889743155031263555      2.58010397194407437027      4.92197945590941721150
      0.76201438898345297268      2.99511448272766633849      3.44426899853192880485
      2.14873904374263524630      1.32523532635775653787      3.23209295273978458596
     -1.42641144824993726381      6.00099926632692426409      8.33047704751839290793
     -1.16886231984019195451      5.01328618971897732592      9.55569648417059980261
     -1.66490238165318471530      5.29350421933336345859     10.86932452551465999591
     -1.21862982104145811668      4.23615560227603449306     11.86695041090216129476
     -0.53295886752544840981      2.00001982045294379731     11.72591187584318284109
      0.65020806546093046219      1.16900851037845465719      9.53953861247265955114
      2.02199448659035097009     -0.82298581937125803165      9.92404887463626650401
      2.09589828937192512726      5.83204645830861156952     12.89475726859269855140
      2.73229568137986689180      5.06351900304065161151     14.13832335038593157606
      4.11163104239919263705      4.69635813047179784263     14.23599871698020535860
      4.49176484476770099263      3.67944276500039091360     13.17197214854872733270
      5.72494784920433907871      3.71852153731221379829     11.17795672329958200919
      7.89401901817129569849      5.54031180523509547697     10.17570594138611639323
      7.05879885154588748719      1.76972549937225887007     15.24820393636225901446
      8.14985496678894882905      1.08381098043467649639     14.31032119040396466403
      9.55709766124541282295      1.23893615241109178449     14.51086425698412085694
     10.32975922951236746883      0.50803407510335518715     13.42553447771265595634
     11.42506104611012851535      1.12987561780235212794     11.44860010134044259189
     12.60190204610289832488      3.75588069262803747606     10.58633279547836814061
     13.45041462554559252851     -0.30347751114862941968     15.46570613791486970001
     14.66417916500743956476     -0.66670326234713539471     14.49806599507772375546
     15.03681436297637041832     -2.01145419301224892550     14.18605074057892778683
     16.08154540285749334316     -2.02630449590933325865     13.08262807897525092926
     16.77653773105197032578     -0.51658553920011840432     11.43003064473644947441
     16.73918896630705432926      2.08380814910508593840     11.76338997085022164413
     18.00938382022036066132      3.21945542763138270459     10.00305565310537048163
