    1.9580000000    1.7210000000    0.9300000000
    0.7880000000    2.1110000000    1.6740000000
    1.1660000000    2.4130000000    3.1150000000
    2.4680000000    0.7380000000    4.1470000000
    2.6907430325   -1.7904439396    3.3269267101
    2.4345560930   -3.3225004856    5.2330543629
    4.2330000000    4.3490000000    4.8390000000
    4.4830000000    5.3120000000    3.5870000000
    4.1190000000    4.8560000000    2.2710000000
    4.4430000000    5.9260000000    1.2410000000
    3.6360000000    8.0750000000    1.7890000000
    1.7034286696    8.6120420785    3.5477222665
    0.1054203932   10.2129824447    2.5836118512
    7.5500000000    8.4110000000    0.6960000000
    8.6080000000    7.4300000000    1.3880000000
    8.1500000000    6.5050000000    2.3920000000
    9.3160000000    5.6790000000    2.9090000000
   10.6420000000    4.7070000000    1.2150000000
    9.9017976954    4.3307211891   -1.3199223539
   10.4823048791    2.0524742752   -2.0399145241
   13.1140000000    6.5380000000    3.8920000000
   12.7910000000    8.0530000000    4.2960000000
   11.6770000000    8.7190000000    3.6730000000
   11.5580000000   10.1390000000    4.2020000000
   11.6030000000   10.3020000000    6.5560000000
   11.1228972317    8.3123974737    8.2658261121
    9.5828239570    9.0666362042   10.0282337435
   14.2180000000   13.0320000000    5.0260000000
   15.2820000000   12.5250000000    3.9440000000
   15.3040000000   11.1310000000    3.5860000000
   16.3860000000   10.8770000000    2.5490000000
   16.3330000000   12.3570000000    0.7120000000
   14.1152639138   14.0345117252   -0.6233962131
   20.1640000000   12.1630000000    2.0990000000
   20.4040000000   12.3740000000    3.6660000000
   19.2760000000   12.6630000000    4.5130000000
   19.7350000000   12.8230000000    5.9530000000
   21.1180000000   11.0760000000    6.7300000000
   21.3240278858    8.6496758006    5.6409228848
   21.2021957856    6.9259492670    7.3902847688
   22.8740000000   14.6300000000    7.6880000000
   23.0360000000   15.7220000000    6.5300000000
   22.6000000000   15.3950000000    5.1970000000
   22.8490000000   16.5710000000    4.2660000000
   22.0470000000   18.6370000000    5.0790000000
   20.2166140178   18.9539813887    6.9930103986
   18.5430374299   20.6144685806    6.2939532457
   25.8850000000   19.1580000000    3.8020000000
   26.9950000000   18.1320000000    4.3260000000
   26.6090000000   17.1000000000    5.2530000000
   27.8150000000   16.2480000000    5.6140000000
   29.0500000000   15.4800000000    3.7550000000
   28.2319937774   14.9217283930    0.9171673502
   31.6530000000   17.0740000000    6.4590000000
   31.3350000000   18.5330000000    7.0350000000
   30.1770000000   19.2380000000    6.5500000000
   30.0720000000   20.5940000000    7.2290000000
   30.2550000000   20.5160000000    9.5810000000
   29.6959560606   18.3462643858   11.7014008681
   32.7380000000   23.4380000000    8.1920000000
   33.7430000000   23.0650000000    7.0030000000
   33.7610000000   21.7150000000    6.5030000000
   34.7830000000   21.5890000000    5.3840000000
   34.6010000000   23.2480000000    3.7160000000
   32.2505000047   24.8584025456    2.7591228209
   38.5090000000   22.9870000000    4.8510000000
   38.8400000000   23.0400000000    6.4150000000
   37.7610000000   23.2200000000    7.3520000000
   38.3030000000   23.2400000000    8.7720000000
   39.7530000000   21.4500000000    9.2820000000
   39.9382399283   18.6625156178    8.1719740065
   41.5160000000   24.9200000000   10.4990000000
   41.5950000000   26.1270000000    9.4520000000
   41.0840000000   25.9310000000    8.1200000000
   41.2610000000   27.2000000000    7.3030000000
   40.4830000000   29.1560000000    8.3710000000
   38.3403376514   29.5762481686   10.4356707774
   44.2310000000   29.8780000000    6.9330000000
   45.3830000000   28.8250000000    7.2840000000
   45.0670000000   27.6970000000    8.1200000000
   46.3030000000   26.8350000000    8.3200000000
   47.4350000000   26.2860000000    6.3230000000
   46.4563248480   26.0055645218    3.4952194975
   50.1730000000   27.6440000000    9.0230000000
   49.8720000000   29.0300000000    9.7640000000
   48.6780000000   29.7590000000    9.4220000000
   48.5950000000   31.0350000000   10.2430000000
   48.9200000000   30.7210000000   12.5590000000
   48.5161491884   28.3349353773   14.4727738437
   51.2770000000   33.8160000000   11.3380000000
   52.2140000000   33.5860000000   10.0610000000
   52.2200000000   32.2950000000    9.4230000000
   53.1750000000   32.3040000000    8.2400000000
   52.8720000000   34.1220000000    6.7660000000
   50.7396462598   35.7388195700    6.5254680469
   50.1347810803   36.1918740465    4.4793992672
   56.8440000000   33.8200000000    7.6390000000
   57.2670000000   33.7190000000    9.1790000000
   56.2430000000   33.7810000000   10.1900000000
   56.8690000000   33.6670000000   11.5710000000
   58.3690000000   31.8610000000   11.8080000000
   58.6118813528   29.6785752026   10.2596965354
   58.8564327430   27.7940213401   11.3306555266
   60.1560000000   35.2210000000   13.2730000000
   60.1570000000   36.5310000000   12.3540000000
   59.5710000000   36.4620000000   11.0400000000
   59.6820000000   37.8120000000   10.3500000000
   58.9440000000   39.6330000000   11.6570000000
   56.9226360157   39.7988694197   13.8756657804
   62.5890000000   40.5700000000   10.0880000000
   63.7740000000   39.5090000000   10.2600000000
   63.5230000000   38.2950000000   10.9920000000
   64.7800000000   37.4410000000   11.0300000000
   65.7980000000   37.1210000000    8.9250000000
   64.7301749496   37.4750743829    6.4844024232
   65.1840225504   35.9147534780    5.0295454505
   68.6750000000   38.2470000000   11.5870000000
   68.4000000000   39.5440000000   12.4830000000
   67.1780000000   40.2810000000   12.2880000000
   67.1280000000   41.4650000000   13.2400000000
   67.5940000000   40.9210000000   15.4890000000
   67.4702804971   38.4815675207   16.5600869049
   66.2586776976   38.5583251968   18.6985167209
   69.8340000000   44.1700000000   14.4600000000
   70.6960000000   44.0900000000   13.1140000000
   70.6810000000   42.8710000000   12.3470000000
   71.5630000000   43.0200000000   11.1180000000
   71.1500000000   44.9730000000    9.8590000000
   68.6695268939   46.6382335832    9.5277019281
   75.1700000000   44.6590000000   10.4650000000
   75.6850000000   44.4090000000   11.9590000000
   74.7230000000   44.3480000000   13.0280000000
   75.4310000000   44.1040000000   14.3510000000
   76.9660000000   42.3130000000   14.3130000000
   77.0726762174   39.8189328714   12.6388159431
   78.7940000000   45.5390000000   16.0120000000
   78.7230000000   46.9350000000   15.2340000000
   78.0600000000   46.9910000000   13.9570000000
   78.1130000000   48.4060000000   13.4050000000
   77.4300000000   50.0690000000   14.9340000000
   75.9682662888   49.6630448108   17.1282509563
   74.1630326309   51.3272753217   17.2602352897
